                                                            James R. GOULD                                              Rand PAUL                                                   Stephen Howard SLAUGHTER                                    
County                        Registered Voters             Election Day                  Choice Total                  Election Day                  Choice Total                  Election Day                  Choice Total                  Total                         
Adair                         0                             210                           210                           1425                          1425                          79                            79                            1714                          
Allen                         0                             173                           173                           1228                          1228                          100                           100                           1501                          
Anderson                      0                             105                           105                           1061                          1061                          113                           113                           1279                          
Ballard                       0                             17                            17                            317                           317                           8                             8                             342                           
Barren                        0                             217                           217                           3012                          3012                          244                           244                           3473                          
Bath                          0                             15                            15                            170                           170                           13                            13                            198                           
Bell                          0                             122                           122                           1109                          1109                          123                           123                           1354                          
Boone                         0                             671                           671                           4857                          4857                          412                           412                           5940                          
Bourbon                       0                             35                            35                            535                           535                           35                            35                            605                           
Boyd                          0                             254                           254                           1840                          1840                          113                           113                           2207                          
Boyle                         0                             73                            73                            1236                          1236                          72                            72                            1381                          
Bracken                       0                             15                            15                            172                           172                           8                             8                             195                           
Breathitt                     0                             3                             3                             148                           148                           15                            15                            166                           
Breckinridge                  0                             64                            64                            745                           745                           93                            93                            902                           
Bullitt                       0                             144                           144                           2507                          2507                          204                           204                           2855                          
Butler                        0                             84                            84                            704                           704                           96                            96                            884                           
Caldwell                      0                             48                            48                            474                           474                           24                            24                            546                           
Calloway                      0                             130                           130                           1402                          1402                          52                            52                            1584                          
Campbell                      0                             390                           390                           2580                          2580                          277                           277                           3247                          
Carlisle                      0                             11                            11                            224                           224                           6                             6                             241                           
Carroll                       0                             12                            12                            109                           109                           1                             1                             122                           
Carter                        0                             59                            59                            735                           735                           67                            67                            861                           
Casey                         0                             229                           229                           1234                          1234                          58                            58                            1521                          
Christian                     0                             158                           158                           1954                          1954                          100                           100                           2212                          
Clark                         0                             105                           105                           1360                          1360                          73                            73                            1538                          
Clay                          0                             151                           151                           1742                          1742                          198                           198                           2091                          
Clinton                       0                             161                           161                           1192                          1192                          69                            69                            1422                          
Crittenden                    0                             90                            90                            668                           668                           25                            25                            783                           
Cumberland                    0                             109                           109                           770                           770                           52                            52                            931                           
Daviess                       0                             212                           212                           3034                          3034                          214                           214                           3460                          
Edmonson                      0                             86                            86                            575                           575                           75                            75                            736                           
Elliott                       0                             2                             2                             38                            38                            4                             4                             44                            
Estill                        0                             113                           113                           824                           824                           97                            97                            1034                          
Fayette                       0                             776                           776                           9656                          9656                          717                           717                           11149                         
Fleming                       0                             44                            44                            510                           510                           46                            46                            600                           
Floyd                         0                             37                            37                            510                           510                           44                            44                            591                           
Franklin                      0                             202                           202                           2047                          2047                          182                           182                           2431                          
Fulton                        0                             8                             8                             200                           200                           9                             9                             217                           
Gallatin                      0                             17                            17                            144                           144                           8                             8                             169                           
Garrard                       0                             106                           106                           1527                          1527                          110                           110                           1743                          
Grant                         0                             50                            50                            564                           564                           36                            36                            650                           
Graves                        0                             132                           132                           1638                          1638                          77                            77                            1847                          
Grayson                       0                             111                           111                           1169                          1169                          122                           122                           1402                          
Green                         0                             72                            72                            800                           800                           66                            66                            938                           
Greenup                       0                             146                           146                           975                           975                           70                            70                            1191                          
Hancock                       0                             36                            36                            305                           305                           31                            31                            372                           
Hardin                        0                             258                           258                           3263                          3263                          277                           277                           3798                          
Harlan                        0                             49                            49                            572                           572                           60                            60                            681                           
Harrison                      0                             43                            43                            479                           479                           21                            21                            543                           
Hart                          0                             23                            23                            565                           565                           41                            41                            629                           
Henderson                     0                             164                           164                           1637                          1637                          74                            74                            1875                          
Henry                         0                             34                            34                            495                           495                           19                            19                            548                           
Hickman                       0                             26                            26                            395                           395                           8                             8                             429                           
Hopkins                       0                             163                           163                           1401                          1401                          60                            60                            1624                          
Jackson                       0                             158                           158                           1450                          1450                          166                           166                           1774                          
Jefferson                     0                             1919                          1919                          21480                         21480                         2028                          2028                          25427                         
Jessamine                     0                             169                           169                           2270                          2270                          139                           139                           2578                          
Johnson                       0                             178                           178                           1228                          1228                          214                           214                           1620                          
Kenton                        0                             765                           765                           5576                          5576                          388                           388                           6729                          
Knott                         0                             10                            10                            104                           104                           10                            10                            124                           
Knox                          0                             129                           129                           1324                          1324                          172                           172                           1625                          
Larue                         0                             29                            29                            577                           577                           39                            39                            645                           
Laurel                        0                             430                           430                           4243                          4243                          532                           532                           5205                          
Lawrence                      0                             56                            56                            491                           491                           72                            72                            619                           
Lee                           0                             80                            80                            888                           888                           122                           122                           1090                          
Leslie                        0                             77                            77                            960                           960                           111                           111                           1148                          
Letcher                       0                             97                            97                            989                           989                           115                           115                           1201                          
Lewis                         0                             143                           143                           732                           732                           87                            87                            962                           
Lincoln                       0                             99                            99                            937                           937                           88                            88                            1124                          
Livingston                    0                             29                            29                            335                           335                           10                            10                            374                           
Logan                         0                             67                            67                            795                           795                           42                            42                            904                           
Lyon                          0                             41                            41                            330                           330                           27                            27                            398                           
Madison                       0                             273                           273                           3428                          3428                          237                           237                           3938                          
Magoffin                      0                             24                            24                            268                           268                           21                            21                            313                           
Marion                        0                             20                            20                            257                           257                           10                            10                            287                           
Marshall                      0                             143                           143                           1382                          1382                          50                            50                            1575                          
Martin                        0                             58                            58                            501                           501                           96                            96                            655                           
Mason                         0                             44                            44                            501                           501                           28                            28                            573                           
McCracken                     0                             296                           296                           3723                          3723                          132                           132                           4151                          
McCreary                      0                             74                            74                            645                           645                           91                            91                            810                           
McLean                        0                             50                            50                            398                           398                           13                            13                            461                           
Meade                         0                             63                            63                            759                           759                           91                            91                            913                           
Menifee                       0                             13                            13                            143                           143                           9                             9                             165                           
Mercer                        0                             49                            49                            991                           991                           56                            56                            1096                          
Metcalfe                      0                             118                           118                           799                           799                           40                            40                            957                           
Monroe                        0                             297                           297                           2164                          2164                          171                           171                           2632                          
Montgomery                    0                             45                            45                            602                           602                           30                            30                            677                           
Morgan                        0                             8                             8                             163                           163                           9                             9                             180                           
Muhlenberg                    0                             89                            89                            708                           708                           37                            37                            834                           
Nelson                        0                             70                            70                            1053                          1053                          56                            56                            1179                          
Nicholas                      0                             6                             6                             93                            93                            3                             3                             102                           
Ohio                          0                             184                           184                           1231                          1231                          94                            94                            1509                          
Oldham                        0                             295                           295                           3310                          3310                          147                           147                           3752                          
Owen                          0                             34                            34                            295                           295                           11                            11                            340                           
Owsley                        0                             33                            33                            225                           225                           36                            36                            294                           
Pendleton                     0                             33                            33                            363                           363                           7                             7                             403                           
Perry                         0                             48                            48                            716                           716                           41                            41                            805                           
Pike                          0                             159                           159                           2139                          2139                          166                           166                           2464                          
Powell                        0                             41                            41                            305                           305                           23                            23                            369                           
Pulaski                       0                             652                           652                           6391                          6391                          825                           825                           7868                          
Robertson                     0                             4                             4                             43                            43                            5                             5                             52                            
Rockcastle                    0                             164                           164                           1963                          1963                          194                           194                           2321                          
Rowan                         0                             81                            81                            588                           588                           51                            51                            720                           
Russell                       0                             295                           295                           1544                          1544                          99                            99                            1938                          
Scott                         0                             158                           158                           1964                          1964                          128                           128                           2250                          
Shelby                        0                             220                           220                           2253                          2253                          108                           108                           2581                          
Simpson                       0                             55                            55                            447                           447                           24                            24                            526                           
Spencer                       0                             35                            35                            774                           774                           31                            31                            840                           
Taylor                        0                             215                           215                           1620                          1620                          75                            75                            1910                          
Todd                          0                             31                            31                            271                           271                           10                            10                            312                           
Trigg                         0                             75                            75                            729                           729                           29                            29                            833                           
Trimble                       0                             12                            12                            147                           147                           5                             5                             164                           
Union                         0                             29                            29                            225                           225                           12                            12                            266                           
Warren                        0                             252                           252                           3982                          3982                          302                           302                           4536                          
Washington                    0                             22                            22                            388                           388                           17                            17                            427                           
Wayne                         0                             66                            66                            757                           757                           82                            82                            905                           
Webster                       0                             24                            24                            315                           315                           17                            17                            356                           
Whitley                       0                             310                           310                           2882                          2882                          370                           370                           3562                          
Wolfe                         0                             8                             8                             62                            62                            2                             2                             72                            
Woodford                      0                             95                            95                            1131                          1131                          77                            77                            1303                          
Totals:                       0                             16611                         16611                         169180                        169180                        13728                         13728                         199519 